q              = 0.87 0.02 0.01 0 1
iangle         = 89.4 0.2 0.03 1 1
r1             = 0.0193 0.0002 0.0001 1 1
r2             = 0.0186 0.005 0.0002 1 1
cphi3          = 0.014999999999999999 0.001 0.001 0 1
cphi4          = 0.017000000000000001 0.001 0.001 0 1
spin1          = 1 0.001 0.001 0 1
spin2          = 1 0.001 0.001 0 1
t1             = 25000.9 50 10 1 1
t2             = 9000.3 10 10 1 1
ldc1_1         = 0.45579999999999998 0.01 0.01 1 1
ldc1_2         = 0.3528 0.01 0.01 1 1
ldc1_3         = 0 0.01 0.01 0 1
ldc1_4         = 0 0.01 0.01 0 1
ldc2_1         = 0.47630000000000001 0.01 0.01 1 1
ldc2_2         = 0.38290000000000002 0.01 0.01 1 1
ldc2_3         = 0 0.01 0.01 0 1
ldc2_4         = 0 0.01 0.01 0 1
velocity_scale = 399.9 1 1 0 0
beam_factor1   = 2 0.1 0.02 0 0
beam_factor2   = 1.3131203953599999 0.1 0.002 0 0

t0             = 57460.6510218 0.0001 1e-05 1 1
period         = 0.09986526542 1e-06 1e-06 0 1
pdot           = 0 1e-06 1e-06 0 0
deltat         = 0 0.001 0.001 0 1
gravity_dark1  = 0.44795899577499998 0.0001 0.0001 0 1
gravity_dark2  = 0.44795899577499998 0.0001 0.0001 0 1
absorb         = 1 0.001 0.001 0 1

slope          = 0 0.01 1e-05 0 1
quad           = 0 0.01 1e-05 0 1
cube           = 0 0.01 1e-05 0 1

#slope          = -0.00055085092059082446 0.01 1e-05 1 1
#quad           = -0.06888472059003492 0.01 1e-05 1 1
#cube           = -0.0025083912330590044 0.01 1e-05 1 1

third          = 0 0.01 1e-05 0 1

rdisc1         = 0.0500000000000001 0.01 0.0001 0 1
rdisc2         = 0.34999999999999998 0.01 0.02 0 1
height_disc    = 0.10000000000000002 0.01 1e-05 0 1
beta_disc      = 1.5 0.01 1e-05 0 1
temp_disc      = 3000 50 40 0 1
texp_disc      = -1.8 0.2 0.001 0 1
lin_limb_disc  = 0.29999999999999999 0.02 0.0001 0 1
quad_limb_disc = 0 0.02 0.0001 0 1

radius_spot    = 0.34999999999999998 0.005 0.01 0 1
length_spot    = 0.02 0.002 0.005 0 1
height_spot    = 0.050000000000000003 0.005 1e-05 0 1
expon_spot     = 0 0.2 0.1 0 1
epow_spot      = 1 0.1 0.1 0 1
angle_spot     = 140 2 2 0 1
yaw_spot       = 0 2 2 0 1
temp_spot      = 15000 400 200 0 1
tilt_spot      = 90 5 2 0 1
cfrac_spot     = 0.20000000000000001 0.02 0.008 0 1

stsp11_long    = 0 0 0 0 0
stsp11_lat     = 0 0 0 0 0
stsp11_fwhm    = 0 0 0 0 0
stsp11_tcen    = 0 0 0 0 0

stsp21_long    = 0 0 0 0 0
stsp21_lat     = 0 0 0 0 0
stsp21_fwhm    = 0 0 0 0 0
stsp21_tcen    = 0 0 0 0 0

delta_phase    = 3e-08
nlat1f         = 50
nlat2f         = 150
nlat1c         = 50
nlat2c         = 150
npole          = 1
nlatfill       = 3
nlngfill       = 2
lfudge         = 0.07
llo            = 0
lhi            = -50
phase1         = 0.018
phase2         = 0.482
wavelength     = 879.7
roche1         = 1
roche2         = 1
eclipse1       = 1
eclipse2       = 1
glens1         = 0
use_radii      = 1
tperiod        = 0.488728
gdark_bolom1   = 0
gdark_bolom2   = 0
mucrit1        = 0
mucrit2        = 0
limb1          = Poly
limb2          = Poly
mirror         = 0
add_disc       = 0
nrad           = 40
opaque         = 0
add_spot       = 0
nspot          = 100
iscale         = 0
